[ParticleEmitter]
startColor=1.000000,0.000000,0.000000,1.000000
scale=0.100000,0.700000
speed=2.000000,70.000000
angle=0.000000,360.000000
gravity=0.000000,0.000000,0.000000
singleShotParticles=100
singleShotDuration=0.200000
singleShot=1
endColor=0.736527,0.000000,0.000000,1.000000
aliveFor=0.001000,0.330000
positionRelative=1
particlesPerSecond=1

[Shape]