[ParticleEmitter]
gravity=0.000000,0.000000,0.000000
startColor=0.994012,1.000000,0.000000,1.000000
speed=30.000000,35.000000
angle=0.000000,360.000000
endColor=1.000000,0.000000,0.000000,0.000000
aliveFor=0.100000,0.730000
positionRelative=1
particlesPerSecond=1000

[Shape]