[Shape]
radius=134.199997
type=1


[ParticleEmitter]
startColor=0.874510,1.000000,0.203922,0.898039
scale=0.000000,5.000000
speed=0.000000,791.000000
angle=0.000000,360.000000
gravity=0.000000,0.000000,0.000000
singleShotParticles=10000
singleShotDuration=0.240000
singleShot=1
endColor=1.000000,0.254902,0.000000,1.000000
aliveFor=0.000000,0.340000
positionRelative=0
particlesPerSecond=1

