[Shape]
type=0


[ParticleEmitter]
startColor=0.000000,1.000000,0.227451,1.000000
scale=1.500000,9.500000
speed=4.000000,130.000000
angle=0.000000,360.000000
gravity=0.000000,0.000000,0.000000
singleShotParticles=0
singleShotDuration=0.000000
singleShot=0
endColor=0.000000,0.514970,1.000000,0.000000
aliveFor=0.020000,0.100000
positionRelative=0
particlesPerSecond=1000

