[Shape]
radius=64.800003
type=1


[ParticleEmitter]
startColor=0.058824,0.803922,0.000000,0.603922
scale=0.000000,7.400000
speed=0.000000,483.000000
angle=0.000000,360.000000
gravity=0.000000,0.000000,0.000000
singleShotParticles=1000
singleShotDuration=0.240000
singleShot=1
endColor=0.972549,1.000000,0.027451,0.615686
aliveFor=0.000000,1.000000
positionRelative=0
particlesPerSecond=4

