[Shape]
radius=5.000000
type=1


[ParticleEmitter]
startColor=1.000000,1.000000,1.000000,0.000000
scale=0.000000,0.200000
speed=0.100000,1.000000
angle=0.000000,360.000000
gravity=0.000000,0.000000,0.000000
singleShotParticles=100
singleShotDuration=0.200000
singleShot=1
endColor=1.000000,1.000000,1.000000,0.223529
aliveFor=0.001000,0.100000
positionRelative=1
particlesPerSecond=1

