[ParticleEmitter]
startColor=0.576471,0.576471,0.576471,0.392157
scale=1.200000,5.300000
speed=8.000000,84.000000
angle=0.000000,360.000000
gravity=0.000000,0.000000,0.000000
singleShotParticles=100
singleShotDuration=0.190000
singleShot=1
endColor=0.611765,0.611765,0.611765,0.035294
aliveFor=0.001000,0.330000
positionRelative=1
particlesPerSecond=1

[Shape]